[471973, 114234, 43497, 96020, 47247]
[438357, 70632, 442473, 63768, 63859]
[84913, 459065, 56568, 460375, 59141]
[5135, 59137, 46886, 3074, 53131]
[9169, 47247, 9022, 42905, 787885]
[47512, 95727, 458956, 446898, 470488]
[71586, 72030, 70632, 452827, 486893]
[470488, 96020, 10590, 114234, 800171]
[471973, 453528, 43497, 453654, 799634]
[787885, 47247, 9022, 42562, 9169]
[43497, 114234, 446961, 49635, 470488]
[448565, 787699, 13025, 458641, 45689]
[51057, 5135, 53246, 450645, 450582]
[446898, 470508, 458282, 442546, 800171]
[46851, 453443, 3074, 3075, 114969]
[47346, 56140, 47247, 443380, 443427]
[114234, 47247, 794884, 471973, 474878]
[42087, 84851, 43311, 42431, 480178]
[65034, 95549, 42431, 60069, 75643]
[473219, 42431, 59054, 56602, 50670]
[458956, 473216, 482396, 458968, 65694]
[62238, 91452, 54284, 482396, 466956]
[57741, 51321, 54096, 55926, 50645]
[54340, 54324, 66406, 51017, 54350]
[56994, 56950, 56875, 91384, 54266]
[468388, 460236, 48949, 459300, 43497]
[47773, 459080, 56081, 91384, 88821]
[460375, 469555, 69755, 470508, 470554]
[442693, 459366, 442738, 442575, 442577]
[447624, 442738, 54395, 447884, 447729]
[447624, 54379, 54387, 438357, 437345]
[442693, 459366, 458956, 459065, 84913]
[458956, 55392, 456941, 91576, 458968]
[56994, 56950, 57156, 56871, 56281]
[91461, 453529, 62318, 66239, 57309]
[445541, 56968, 56871, 54818, 91384]
[801522, 52595, 50024, 64394, 443899]
[88022, 460689, 55822, 84851, 84972]
[91461, 91452, 799634, 12173, 56921]
[787699, 447265, 448680, 800171, 444117]
[56140, 43206, 487872, 9022, 114718]
[457780, 457703, 457846, 493566, 457877]
[54381, 64183, 473216, 55621, 58644]
[42905, 457690, 9022, 69870, 13491]
[90027, 473309, 499826, 46886, 486855]
[468464, 459065, 94737, 56330, 90027]
[58824, 438357, 70632, 94737, 58644]
[473309, 55536, 114234, 59069, 56330]
[90027, 94737, 58906, 90708, 90024]
[90027, 50128, 90024, 94737, 114505]
[438357, 443161, 90027, 473309, 10665]
[56568, 55536, 44084, 51889, 443161]
[52146, 2693, 52595, 438357, 96020]
[103045, 95211, 450741, 457690, 52456]
[457846, 58644, 101813, 471783, 58824]
[90027, 44084, 64183, 473216, 480125]
[64101, 95758, 457846, 47559, 436738]
[69870, 56009, 55980, 67933, 54447]
[468388, 47512, 442943, 94765, 457780]
[443035, 56330, 56568, 482383, 70632]
[85730, 81466, 481056, 81460, 83365]
[83872, 82746, 82095, 797026, 84571]
[460432, 434698, 438357, 84913, 70632]
[91384, 47457, 459080, 460236, 67092]
[83872, 83976, 797029, 797026, 84422]
[53692, 81812, 53100, 54002, 56483]
[101044, 101037, 101032, 450408, 436346]
[464209, 468464, 56009, 442756, 459360]
[434887, 442756, 442581, 442577, 442693]
[459907, 81467, 86066, 81460, 56432]
[468102, 54250, 86102, 466720, 86076]
[82095, 797026, 797029, 83365, 88022]
[69755, 443361, 114234, 56432, 446961]
[435640, 435695, 437346, 65025, 436776]
[84913, 84851, 459776, 85741, 83872]
[442943, 442976, 54418, 84972, 86626]
[84913, 84851, 88022, 69755, 86369]
[91400, 91384, 91576, 460844, 460785]
[53628, 447255, 459776, 473219, 493566]
[459776, 84972, 459190, 88576, 88022]
[88022, 86369, 55754, 84711, 82095]
[50674, 460236, 62238, 113324, 10590]
[57329, 57459, 48397, 54284, 48642]
[473309, 86369, 113955, 442546, 84851]
[471269, 453528, 69870, 444029, 446898]
[469712, 460236, 458956, 91757, 459080]
[446898, 470488, 90027, 63859, 457690]
[460236, 469712, 480969, 453528, 42296]
[458956, 469712, 50674, 459300, 453529]
[468388, 50674, 460236, 54294, 455767]
[460148, 460145, 57891, 59141, 437345]
[469671, 460844, 81460, 70094, 86369]
[445541, 460785, 460148, 54483, 445360]
[459776, 88576, 84972, 86066, 88577]
[460562, 434698, 460844, 70632, 442577]
[453907, 467399, 81460, 471356, 471616]
[459849, 460844, 459776, 94716, 456941]
[458956, 459300, 91461, 476910, 482396]
[442546, 84913, 446898, 114234, 447065]
[459065, 482396, 459300, 460375, 453528]
[443388, 62673, 52593, 481747, 64183]
[113556, 57156, 443380, 113324, 113915]
[457846, 59137, 114515, 475376, 2828]
[67189, 443981, 67178, 67128, 441156]
[488441, 68813, 61926, 444130, 460148]
[482396, 460375, 459067, 88022, 434651]
[65034, 69870, 65029, 473309, 460236]
[489822, 457139, 114515, 114720, 454091]
[499066, 495750, 491464, 495669, 498851]
[495669, 43553, 50670, 69870, 45353]
[56137, 62627, 91452, 66239, 793079]
[499066, 498851, 499003, 95727, 43553]
[494486, 494044, 67284, 41808, 28927]
[494044, 494486, 469555, 55224, 494873]
[444029, 460785, 56314, 61926, 66239]
[102770, 453400, 491464, 495275, 499676]
[499826, 69870, 486855, 53252, 457703]
[67128, 67092, 67160, 51321, 54266]
[70632, 46588, 447359, 452611, 50169]
[95549, 446898, 458283, 457846, 92092]
