[114515, 49417, 471416, 54286, 69870]
[114515, 496516, 443779, 5770, 95727]
[114515, 448680, 61443, 95727, 43750]
[499676, 89763, 94431, 114718, 445445]
[9169, 65242, 48890, 34466, 42296]
[94737, 90027, 53206, 5770, 61443]
[448909, 452827, 50024, 451418, 73057]
[114515, 471416, 69870, 56404, 793079]
[50670, 50024, 468388, 65242, 450741]
[41880, 42562, 9169, 65242, 69870]
[49417, 480851, 51659, 61926, 57331]
[57660, 69870, 49417, 56404, 58429]
[5135, 114515, 449750, 54049, 69870]
[480026, 43755, 61317, 444318, 449877]
[54068, 443735, 450114, 46851, 41880]
[47346, 94431, 5135, 446898, 91576]
[114515, 54286, 55382, 69870, 56404]
[114515, 34438, 442980, 49615, 69870]
[471416, 69870, 56404, 54286, 114515]
[49417, 42431, 69870, 481929, 43497]
[65321, 62238, 468464, 84913, 450944]
[57941, 460236, 452100, 50024, 482396]
[43497, 114234, 69870, 448298, 42431]
[54324, 453455, 65242, 65285, 54340]
[56994, 56837, 91384, 56871, 56875]
[460236, 62238, 54075, 452157, 468102]
[91384, 47773, 57660, 50126, 49635]
[95744, 65242, 443945, 95549, 95758]
[442575, 450129, 459366, 43755, 459360]
[447624, 53206, 54395, 801874, 51659]
[52593, 56347, 75410, 83305, 55382]
[442693, 50128, 460236, 435632, 459366]
[57334, 54340, 54324, 54350, 55382]
[51643, 448337, 91576, 55382, 53121]
[62238, 65193, 65342, 50670, 460144]
[56871, 56994, 91384, 435632, 65321]
[65321, 445445, 48397, 48058, 55574]
[453400, 53348, 91384, 88577, 84913]
[50670, 448531, 58429, 58240, 57331]
[447265, 49417, 57660, 63871, 51433]
[56107, 51659, 82329, 114515, 442907]
[58150, 69870, 103319, 90027, 5135]
[114515, 94597, 64183, 55679, 96118]
[114515, 471416, 64101, 69870, 55711]
[90027, 449254, 69870, 114515, 450400]
[114515, 69870, 56432, 53530, 452174]
[114515, 64183, 443800, 69870, 5770]
[90027, 91384, 55552, 451018, 449877]
[90027, 55711, 436683, 101032, 54111]
[90027, 442907, 55711, 56968, 94737]
[114515, 56404, 69870, 54286, 434660]
[114515, 449779, 56120, 447886, 90027]
[114515, 434660, 56404, 69870, 55392]
[90027, 55711, 65342, 54031, 52593]
[90027, 53239, 114515, 69870, 450400]
[90027, 443361, 44084, 435094, 56602]
[53239, 448789, 450400, 55481, 452157]
[69870, 54286, 114515, 450400, 55392]
[94765, 94236, 458283, 446898, 90027]
[114515, 56404, 447886, 458254, 94431]
[86668, 84533, 76151, 449877, 460236]
[91384, 56375, 84422, 88576, 55472]
[114515, 55392, 443800, 64183, 496516]
[94236, 65321, 91384, 49635, 445445]
[84533, 443735, 84167, 83997, 797029]
[450400, 450129, 450408, 88513, 491420]
[55574, 91384, 436477, 54483, 49417]
[449877, 94750, 56009, 49635, 450114]
[470488, 442575, 65609, 442724, 800962]
[459907, 81812, 55856, 83761, 56404]
[468102, 58398, 48058, 459078, 470488]
[84851, 88513, 470488, 58915, 450400]
[442546, 450806, 84533, 466838, 86120]
[443854, 101490, 448422, 450806, 435640]
[83305, 83277, 85241, 55709, 83997]
[442943, 442976, 91384, 54418, 53539]
[84851, 88577, 84913, 95727, 475159]
[91384, 83872, 55711, 50128, 103319]
[58439, 442546, 84623, 471331, 43553]
[85613, 55822, 453400, 88577, 55711]
[91384, 88577, 58398, 55902, 443361]
[449877, 10590, 448337, 50670, 459300]
[57660, 113518, 48397, 452650, 91400]
[459300, 56599, 450582, 448989, 51643]
[69994, 59511, 446732, 29591, 452100]
[106882, 41880, 113324, 469712, 459190]
[100747, 448337, 69870, 434899, 56968]
[469712, 56599, 42296, 62238, 452746]
[469712, 50670, 446732, 56276, 69870]
[453529, 94236, 459300, 91576, 67092]
[114515, 94431, 461805, 47346, 460145]
[41880, 460145, 469671, 448531, 54068]
[103319, 456919, 445445, 57256, 65321]
[88576, 91384, 88577, 91385, 65239]
[55392, 96118, 86666, 450114, 448244]
[90024, 113915, 58150, 461805, 444283]
[94431, 69870, 53247, 459190, 55711]
[55711, 97902, 69870, 5135, 84913]
[10849, 447720, 435352, 84913, 471330]
[468102, 459300, 449877, 456907, 459078]
[69870, 5135, 55392, 100747, 43315]
[69870, 64183, 55711, 57331, 65613]
[114515, 69870, 55392, 471416, 57329]
[56994, 56543, 67128, 443602, 56140]
[56120, 56404, 450400, 479521, 485850]
[98077, 65242, 435646, 50382, 57891]
[69870, 114515, 56404, 96118, 52296]
[69870, 67399, 474956, 58714, 65342]
[449877, 10590, 495669, 491464, 106882]
[69870, 50024, 495669, 102938, 52110]
[69870, 64101, 62312, 471416, 96118]
[499066, 499003, 498851, 59957, 53132]
[10590, 55471, 41880, 13423, 470488]
[65342, 54284, 57105, 496516, 470488]
[10590, 448869, 801522, 480018, 42290]
[54090, 10590, 55545, 47350, 491464]
[114515, 54286, 69870, 50312, 57086]
[65613, 65242, 57859, 471973, 483914]
[69870, 801522, 106882, 50024, 5770]
[53239, 69870, 448298, 801522, 92155]
