3
61443
450565
53252
53253
450560
458767
61449
53258
466956
450571
53264
450582
475159
458771
98324
94236
114718
32
65569
81952
114720
450596
458789
450594
53285
81964
86063
53295
86065
495669
86066
495667
450608
471088
57401
454719
45114
61500
86076
61505
57410
65604
458818
53318
65609
499790
65613
450634
65612
450635
467018
450632
438357
450645
475218
53335
86102
53336
65631
450648
65630
53348
454753
86120
94317
94316
442473
57459
69749
499827
499826
61558
69751
61559
69755
57468
57469
65662
495750
450693
90244
114822
86152
57482
57488
454806
467094
57495
450712
65694
61608
86184
61610
479402
82095
82094
57522
450741
442546
446643
475314
86200
102586
450746
61629
57542
86217
442575
458956
499916
53452
65743
454870
86227
442581
98517
53461
442577
442591
483550
450780
57564
69853
86239
94431
458968
450790
471269
57572
479459
479458
442593
86248
794855
53484
102636
442600
794850
69870
82158
450793
450806
471285
471282
57590
442608
475376
57595
102650
442619
90367
28927
499973
450821
794884
49417
446732
57611
114954
479500
450826
90382
57619
94485
102677
94484
471314
114969
53530
53534
114975
450852
53539
471332
61732
471331
471330
82215
479521
479520
53544
467247
45353
49451
53549
94510
53559
475453
479549
115002
471356
57660
459067
459065
459079
57665
459078
102722
442693
479555
491840
53576
102729
446798
82250
94538
479564
65869
65871
65870
459080
61776
82257
61778
471380
86356
53590
487775
12635
29024
86369
794988
57698
442724
53606
29031
479584
69992
86379
29035
69994
53614
471401
65902
70000
115056
57715
102770
442738
86393
53627
53628
471419
450939
4478
57726
471416
70016
442756
106882
94597
450944
102793
57740
57741
450952
65939
446866
467347
57749
82329
442782
442781
65951
82334
53664
442791
442788
29091
442789
29097
94635
795046
41390
471479
57777
446903
459190
446898
57783
70074
53692
451002
53695
467399
500166
451013
487872
438734
471501
41420
65997
451018
49615
70094
471511
29137
53717
471504
29147
446941
500188
70108
434651
98783
434648
491993
98782
8672
434660
49635
451045
61925
61926
467437
53739
451051
459241
29169
90611
82418
479731
479730
446961
94716
82431
115199
102913
66051
82435
53763
57859
451075
57862
98823
57866
66059
471565
82442
82445
434698
500235
66060
434699
500234
66065
94737
90643
446992
53786
102939
102938
447005
442906
795152
66076
442907
500250
451096
500249
94750
90656
102947
57891
459300
102948
471585
500256
61992
66089
57897
94765
451115
500266
94767
62000
94768
86579
90674
442930
479795
53815
442942
442943
98877
66111
471609
66113
471622
471618
102983
471616
483919
479822
483914
475721
82513
98897
442966
66128
82512
98896
795229
66131
57941
90708
57947
447065
459366
434788
442980
86626
57956
66151
442976
459360
459375
4721
434804
29299
475763
66164
90740
62070
90742
45689
8826
443004
66173
103037
434809
12931
103045
66182
500367
70280
86666
86668
66194
29332
455315
455312
479903
443035
41630
443043
62124
455338
443051
82607
475831
62131
98994
90805
795320
12981
434864
66233
443070
455356
4795
66239
66238
463544
53953
434887
484038
103112
795334
4813
443083
434899
479963
4830
82654
434905
471783
13025
475877
53988
447215
4842
94955
29425
54002
447221
99061
4854
99062
471806
66299
82684
29442
74499
4868
447234
62217
434959
480014
103178
434957
54028
4877
4878
54031
451337
54032
70417
447255
70419
434964
447253
480018
4888
500510
54042
29467
439069
480026
62238
443161
54049
455461
41764
66340
58150
4903
41767
447265
82729
54057
4908
58158
54068
500531
443187
58166
451376
54071
58170
54075
58171
82746
9022
58176
54081
451399
443202
443215
54090
447309
95053
451402
58189
480074
471880
41808
54096
66385
447318
451412
41812
451408
29530
475997
54108
451418
4957
62301
95068
451419
4959
54111
58207
62303
29536
66401
476006
62307
103268
62310
66406
50024
62312
451439
500590
54123
99178
95084
447339
62318
95086
66418
451445
471935
447359
58234
480125
9083
447357
58240
496516
54148
58247
70539
455562
66444
54158
82830
54160
435094
799645
41874
103319
451472
29591
66454
41880
62360
91032
95130
62364
66461
95133
471963
799633
82847
799634
451495
29602
471973
66469
54181
99236
62374
443310
54186
54188
62380
29615
496552
5041
443319
471986
480178
435120
451519
471998
5052
54205
54209
50115
50116
82887
29639
82886
29645
50126
50128
451542
9169
66512
455636
66517
74711
443344
66518
54232
41947
476124
54236
50144
488422
435171
443361
447457
476128
5097
70632
54250
95211
5099
451562
50157
435179
459766
443380
54259
66546
435189
480244
5110
480241
50169
99320
54266
443388
799735
50172
99325
488441
54272
82945
5121
41985
9218
5124
66566
95238
459776
435214
447500
91146
54284
54286
82959
5135
29712
472086
451602
54294
58390
488479
435228
58398
54304
54307
58404
82981
443427
58407
66601
58411
443437
488492
103469
447531
66611
468020
54324
480306
29751
58429
50238
488505
50239
447556
54340
58439
66630
83018
447562
99404
50254
54350
435272
459849
54351
66638
459848
91217
455767
99413
13397
58453
488543
83035
435302
54371
42087
54379
62571
54381
58478
480361
13423
29808
54387
54389
447603
50295
54395
439418
468090
455801
29825
468102
435333
468100
95365
459907
95364
54406
95367
459905
95366
99462
50312
54408
459919
488591
54410
447624
472201
54418
488596
435346
54421
99476
58518
54423
787611
799892
476318
46234
439453
50332
435352
50336
42145
54433
476326
50338
62627
54439
58535
451758
455854
62634
468140
54447
435382
13490
13491
42166
91318
54456
58558
447684
95426
459972
54475
58573
91340
50382
54479
480471
62673
62674
54483
435413
443602
42199
58585
443615
50394
83164
99551
484568
447718
13542
58600
66796
83180
447723
447720
476393
29937
455924
50419
455925
29943
447729
91385
91384
58619
488697
787699
488711
99587
439557
480516
58633
91400
447753
75025
58644
58647
447761
480541
443674
29981
443694
83244
91436
492854
42290
91443
58678
42296
30009
50490
95549
480571
91452
58687
75073
91461
484673
492865
492864
443725
83277
447819
443720
472407
443735
435536
464209
492881
58712
58714
447836
91490
468324
83300
472417
83305
460148
480627
480626
460145
480625
58743
460144
456060
95614
50562
443779
447875
464256
447886
447884
476557
468360
34192
9617
447902
62873
66968
46490
99738
443800
58783
787885
468388
34212
83365
435618
468386
800171
58792
435630
46507
443818
66988
439721
447924
30133
83380
456115
435632
435646
91576
58810
46523
1468
435640
796082
42431
50627
58819
50630
447937
58824
443854
46537
50633
460236
460235
30160
58834
79315
452050
50645
83415
476624
50649
42460
5597
58845
443867
50654
5599
42464
5602
480740
67044
435680
435695
91626
472556
50670
95727
5615
62959
50674
79347
452084
435698
42487
468464
46588
452090
443899
34302
95744
452100
83458
67077
83461
46598
9736
448014
493066
493065
95758
91665
452118
67088
452119
67091
54804
91669
443922
67092
54806
50712
58906
476700
99870
83489
54818
54819
58915
67106
83500
435752
443945
95797
67128
452157
460347
443960
30271
5696
54848
452166
42562
443972
476739
452174
448079
472653
443981
472652
54861
99918
83537
460375
54865
42579
30292
448082
480851
63065
67160
448095
452191
58974
452184
67168
50787
480868
444002
435808
67178
83565
91757
800352
464490
54899
67189
444019
67192
444029
452216
435846
476807
91776
444039
435845
34438
50823
452225
452238
5770
30346
50826
79499
5773
30354
75410
468628
460432
452253
444059
59039
34466
472741
460450
83627
59054
444072
79536
444087
435892
435891
59064
480959
63161
34490
79547
452282
59069
485050
485049
460472
63172
63173
63177
59082
63179
444106
480969
95953
59090
444117
67284
59095
435921
5852
100061
5853
100060
444121
497381
59107
50916
444130
59109
67302
476910
63210
83693
448246
448244
444149
481011
59126
34551
59127
448241
481008
468731
468730
452345
59137
5891
46851
59141
96007
448270
481037
67345
444182
435986
96020
435987
460562
435985
50968
50971
67357
96029
468774
50981
59173
46886
444193
472864
481056
59176
59177
59178
448298
83761
83760
788285
448308
91954
38712
5950
63295
100160
476996
91973
436034
55109
67399
436032
464705
436033
51017
63305
87883
472909
5965
87884
63311
51024
91984
477014
10069
448337
51036
436058
34656
493415
448359
55143
63335
452462
448361
51057
92022
96118
6008
51064
63352
444286
452478
75643
67453
67452
444283
87935
30596
87940
96135
87947
63375
92049
59281
92048
481174
75671
460689
444318
42905
67483
452508
448422
468903
83872
452519
71586
83874
55208
67497
481199
444333
42925
55213
55215
92078
460724
493491
55224
63418
55227
87994
92092
800714
63431
67531
473037
800710
67530
436173
83921
104401
63444
100309
104404
88022
67547
59355
452569
800750
440288
88041
6122
47093
460785
493566
92155
448518
448519
477190
493574
452611
71689
83976
473102
67600
448530
448531
800793
800794
493584
59417
452639
63514
59420
83997
448538
51230
59424
67621
800810
444462
59433
63531
448557
460844
452650
63533
448565
2102
84024
55354
88131
448586
452694
63570
84051
448597
477267
55382
448593
43098
67674
444509
55392
448613
800872
51301
452704
51308
436328
43122
96371
84082
59511
51321
92283
436346
436347
63616
481415
800908
473222
800909
448645
473219
63621
96388
67719
473216
63626
96395
67725
88205
452746
47247
96398
92305
436375
67733
92311
88223
436390
452775
460966
96418
452781
84143
448680
55471
55472
47281
448693
448702
55481
100539
452792
59585
448711
452805
55492
452803
43206
84167
47303
47305
456907
51406
55502
88271
489673
800962
444631
456919
800989
51413
800985
477393
800986
63703
448735
473309
448731
452827
489689
67809
55525
448739
493794
51433
51434
493805
456941
461033
55535
448745
55536
51441
47346
55540
448754
47350
55545
436477
55552
10499
55558
448768
55562
10515
96530
448789
59668
436498
448787
55574
477456
63768
481566
55578
63770
96541
67868
47392
88354
92450
84263
489761
448801
481568
55594
59690
67882
100652
43311
47409
47410
43315
436533
448821
84277
55608
796983
448824
63811
477508
67909
477507
55621
92488
55626
100682
63824
436560
26968
489822
47451
67933
10589
10590
88415
72030
47457
448869
59749
55656
43369
797029
436588
477548
55660
797026
47471
485751
43378
63858
63859
47476
76151
67958
457086
440700
481660
452986
801136
55679
63871
452985
452997
10629
59784
55689
100747
436620
453004
448909
453002
10638
55695
453001
47507
43412
481682
96663
10647
47512
92570
55709
448923
55711
436647
47523
55716
448929
10665
448943
59818
59821
51630
457139
51643
88513
88515
47559
84422
453057
55752
448975
498126
55754
453068
51659
481739
436683
47567
96721
481747
68052
47575
55767
481744
84441
448989
494044
59868
485850
448999
453090
47590
10727
55783
43497
481783
801276
68085
55798
477693
461308
793079
88577
88576
457223
64002
436738
436737
489998
51724
55822
96789
440860
2588
453146
2590
2592
51744
43553
801325
55843
473634
2598
2599
436776
100910
55856
64052
84533
469555
59957
55864
449085
436794
469563
453188
453189
64070
2633
449100
449101
473676
59980
473675
88656
453207
469590
449108
64083
449109
100949
449107
801370
473695
68184
473694
84571
485978
498266
55902
10849
481892
55908
64101
100964
51816
68205
481896
793213
55926
88695
100985
801398
51836
449147
449158
449159
473734
60034
486020
2693
2695
51849
84623
481929
449161
801436
60054
445072
51865
68253
47773
51870
64158
469671
47777
113312
47778
486053
47781
60069
84647
113319
51881
101032
441007
51884
55980
101037
113324
51889
469686
101044
441011
43702
60086
64183
2744
47800
441022
51897
801461
88769
445126
449223
88770
113349
56009
449231
449229
441034
801472
801475
47824
51923
84690
469712
51928
51929
96987
60123
64222
51935
92894
101086
449254
43750
84711
113383
449262
445167
60138
43755
64235
56045
801505
482025
469750
88821
88820
60153
113403
113402
801522
88832
449285
449283
51974
92939
449293
2828
84751
469768
84753
56081
51988
64280
453406
453400
441122
441123
52006
52007
47914
113451
56107
453421
482089
52018
88885
56117
92980
97076
56120
47931
52027
56123
47934
101183
453433
101185
441156
52035
60229
453443
52038
461647
56137
453455
88907
52043
56140
47953
52051
453470
469855
482143
56155
43869
72544
441191
93027
47973
52071
449388
52075
93034
101228
113518
498536
84851
441205
52097
441223
52099
113538
453507
64394
494474
52110
84878
494486
113556
64407
64412
449435
453528
453529
478116
486307
64423
56235
93103
113582
84913
441270
48050
52146
445360
64441
441279
48058
43968
457670
449479
457669
113604
113607
441294
494543
52172
48078
64462
60369
56276
56278
48087
56281
27612
457690
48094
457703
48100
56292
101350
457710
89064
60394
461805
84972
3055
457714
44023
48119
56314
3067
441339
3074
3075
445445
48137
93192
56330
93196
453641
453654
48145
48146
56338
85010
494610
56343
64535
56344
56347
56350
56353
60449
461862
52259
56355
461859
64549
60458
56363
89132
498730
56369
457780
498741
56371
44084
498739
76855
56375
453690
453691
457787
64576
60482
56387
64579
56388
52296
60488
482383
441420
441421
56397
89167
490568
56404
457809
80985
56409
93272
56410
64602
93275
482396
93277
44125
93276
801874
445542
478310
445540
445541
437346
445539
64614
437345
64621
437355
44143
437353
56432
453750
457846
56433
64626
101490
113785
113787
453754
445563
56447
56449
478351
101512
470155
801922
457877
101526
56474
56477
445606
56483
113826
113829
482467
498851
56488
52395
93354
490677
56500
56502
449712
453820
85183
441528
64703
457923
56521
498894
449740
68813
449739
449736
482505
449750
56529
113879
56537
437471
56538
77021
56543
449762
457955
457953
494816
52456
449775
56554
56556
113901
89327
52464
56563
64756
72949
89333
490739
89332
449779
56568
85241
113915
449789
457981
56572
802032
56574
89344
449799
68867
60677
113924
93447
56583
449793
56586
89355
64780
482571
48397
453911
56594
453908
60692
48405
113940
453907
56599
56602
494873
56608
60705
89376
113955
56615
486699
56621
64818
101683
60723
85301
462129
85305
89403
499003
56637
499002
56645
56647
445774
60751
449865
60752
445782
60755
449877
56660
453980
56667
449880
93534
73057
494950
60781
52593
52595
445808
449904
89462
85368
499066
449927
85379
3463
445835
449928
52627
48532
85397
449939
48534
60822
64924
437658
445848
437657
85410
52644
89508
449955
441760
454048
52647
474528
449973
486836
101813
486835
52662
60856
52669
486855
449991
56776
495055
445901
44492
454091
52686
3535
441811
52694
56791
802267
458204
458205
470488
52708
85477
474593
454126
454127
486893
470508
85484
65006
48635
52732
445945
69121
65025
48642
52739
470532
56837
65029
69124
60934
69127
60935
458254
97800
65034
441867
499209
458261
474642
52759
48664
97819
3613
470554
114206
470552
56864
441891
60966
56871
454177
56874
56875
458282
458283
462377
441910
60977
89648
60978
81459
52787
52789
81460
81467
93755
454204
81466
93754
114234
470588
52797
48708
450114
450112
462401
97865
52809
114248
61003
441928
52815
441942
450130
85588
450128
450129
56921
89691
52827
61019
441949
446045
93791
114273
93795
462437
3685
93796
437859
65126
52842
73323
52844
85613
89709
450152
65135
85614
97902
462440
69233
56945
56950
495217
458353
495216
97915
73338
52860
56957
114302
52866
56968
450190
450191
450189
48781
491144
69265
89745
442006
450205
61088
56994
89763
65188
52903
93865
65193
85672
93864
450223
65194
495275
85681
52913
52919
470726
442052
470725
97986
474818
52935
61135
462549
52948
85717
85716
114391
65239
437969
114392
65242
499418
495321
52962
52963
85730
442082
85741
442090
458473
442102
487157
52983
85750
474878
48890
57086
65278
89854
470776
65282
65285
57095
69384
53004
12045
89868
57103
454409
57105
442135
65298
69394
65300
93973
89878
114457
61210
495389
114458
53020
98077
442139
450331
466713
69411
442146
442144
89894
466720
65321
114472
458543
466733
48939
487212
61236
65332
48949
65342
57154
53059
57156
61255
114505
69451
474956
69453
499531
65359
470856
114515
61268
114519
12120
65376
57188
98148
450400
53095
466784
53097
85867
53100
65388
114541
53102
450408
466806
85874
114559
94078
53121
458628
61317
94087
450432
49034
49035
53131
442253
53132
12173
454536
69520
90000
466838
470934
81812
470930
458641
438174
94104
491421
446365
450461
466844
491420
61342
94115
61347
450469
475044
475042
53158
57256
61352
57257
90024
450479
90027
495533
85933
81839
65455
495539
450480
450481
61370
466877
85949
65471
53185
69568
61379
466881
466880
499660
57292
450506
499659
446409
450505
491464
53204
491475
53206
454608
499679
499676
53213
57309
483302
65512
466926
466925
466924
487402
94191
491511
57329
438263
53234
77811
57331
450546
57334
53239
53240
475134
475133
53246
53247
446457
